0.498203
0.489689
0.481349
0.473178
0.465174
0.457332
0.44965
0.442125
0.434752
0.42753
0.420454
0.413522
0.406732
0.400079
0.393562
0.387177
0.380922
0.374794
0.36879
0.362909
0.357147
0.351502
0.345972
0.340554
0.335247
0.330047
0.324952
0.319962
0.315072
0.310282
0.305589
0.300991
0.296487
0.292074
0.28775
0.283514
0.279364
0.275299
0.271316
0.267413
0.26359
0.259844
0.256175
0.252579
0.249057
0.245606
0.242225
0.238912
0.235667
0.232487
0.229372
0.22632
0.22333
0.2204
0.21753
0.214717
0.211962
0.209263
0.206618
0.204026
0.201488
0.199
0.196563
0.194175
0.191836
0.189544
0.187298
0.185098
0.182942
0.18083
0.17876
0.176733
0.174746
0.172799
0.170892
0.169024
0.167193
0.165399
0.163642
0.16192
0.160233
0.158579
0.15696
0.155373
0.153818
0.152294
0.150802
0.149339
0.147906
0.146502
0.145126
0.143778
0.142457
0.141163
0.139895
0.138652
0.137435
0.136242
0.135074
0.133928
0.132806
0.131707
0.13063
0.129574
0.12854
0.127526
0.126533
0.125561
0.124607
0.123673
0.122758
0.121861
0.120982
0.120121
0.119277
0.118451
0.117641
0.116847
0.116069
0.115307
0.11456
0.113829
0.113112
0.112409
0.111721
0.111046
0.110385
0.109737
0.109103
0.108481
0.107872
0.107275
0.106689
0.106116
0.105554
0.105004
0.104464
0.103936
0.103418
0.10291
0.102413
0.101926
0.101448
0.10098
0.100522
0.100072
0.0996322
0.0992008
0.098778
0.0983637
0.0979578
0.09756
0.0971702
0.0967882
0.0964139
0.0960471
0.0956877
0.0953354
0.0949903
0.0946521
0.0943206
0.0939959
0.0936776
0.0933657
0.0930601
0.0927606
0.0924672
0.0921796
0.0918978
0.0916216
0.091351
0.0910858
0.0908259
0.0905712
0.0903216
0.0900771
0.0898374
0.0896025
0.0893724
0.0891468
0.0889258
0.0887092
0.088497
0.088289
0.0880851
0.0878854
0.0876896
0.0874978
0.0873098
0.0871256
0.0869451
0.0867681
0.0865948
0.0864248
0.0862583
0.0860952
0.0859353
0.0857785
0.085625
0.0854745
0.085327
0.0851824
0.0850408
0.084902
0.0847659
0.0846326
0.084502
0.0843739
0.0842484
0.0841255
0.0840049
0.0838868
0.0837711
0.0836577
0.0835465
0.0834376
0.0833308
0.0832262
0.0831236
0.0830231
0.0829246
0.0828281
0.0827335
0.0826408
0.08255
0.0824609
0.0823737
0.0822881
0.0822043
0.0821222
0.0820417
0.0819628
0.0818855
0.0818097
0.0817354
0.0816627
0.0815913
0.0815214
0.0814529
0.0813858
0.0813199
0.0812555
0.0811922
0.0811303
0.0810696
0.0810101
0.0809518
0.0808946
0.0808386
0.0807837
0.0807299
0.0806771
0.0806255
0.0805748
0.0805252
0.0804765
0.0804288
0.0803821
0.0803363
0.0802914
0.0802474
0.0802042
0.080162
0.0801205
0.08008
0.0800402
0.0800012
0.0799629
0.0799255
0.0798887
0.0798528
0.0798175
0.0797829
0.079749
0.0797158
0.0796833
0.0796514
0.0796201
0.0795895
0.0795594
0.07953
0.0795011
0.0794729
0.0794451
0.079418
0.0793913
0.0793652
0.0793397
0.0793146
0.07929
0.0792659
0.0792423
0.0792192
0.0791965
0.0791743
0.0791525
0.0791311
0.0791102
0.0790897
0.0790696
0.0790499
0.0790305
0.0790116
0.078993
0.0789749
0.078957
0.0789395
0.0789224
0.0789056
0.0788892
0.078873
0.0788572
0.0788417
0.0788265
0.0788116
0.078797
0.0787827
0.0787687
0.078755
0.0787415
0.0787283
0.0787154
0.0787027
0.0786902
0.078678
0.0786661
0.0786544
0.0786429
0.0786317
0.0786206
0.0786098
0.0785992
0.0785888
0.0785787
0.0785687
0.0785589
0.0785493
0.0785399
0.0785307
0.0785217
0.0785128
0.0785041
0.0784956
0.0784873
0.0784791
0.0784711
0.0784632
0.0784555
0.078448
0.0784406
0.0784334
0.0784262
0.0784193
0.0784125
0.0784058
0.0783992
0.0783928
0.0783865
0.0783803
0.0783742
0.0783683
0.0783625
0.0783568
0.0783512
0.0783457
0.0783403
0.078335
0.0783299
0.0783248
0.0783198
0.078315
0.0783102
0.0783055
0.0783009
0.0782964
0.078292
0.0782877
0.0782835
0.0782793
0.0782753
0.0782713
0.0782674
0.0782635
0.0782598
0.0782561
0.0782525
0.078249
0.0782455
0.0782421
0.0782387
0.0782355
0.0782323
0.0782291
0.0782261
0.078223
0.0782201
0.0782172
0.0782143
0.0782115
0.0782088
0.0782061
0.0782035
0.0782009
0.0781984
0.0781959
0.0781935
0.0781911
0.0781888
0.0781865
0.0781843
0.0781821
0.0781799
0.0781778
0.0781757
0.0781737
0.0781717
0.0781698
0.0781679
0.078166
0.0781641
0.0781623
0.0781606
0.0781588
0.0781571
0.0781555
0.0781538
0.0781522
0.0781507
0.0781491
0.0781476
0.0781462
0.0781447
0.0781433
0.0781419
0.0781405
0.0781392
0.0781379
0.0781366
0.0781353
0.0781341
0.0781329
0.0781317
0.0781305
0.0781294
0.0781283
0.0781272
0.0781261
0.078125
0.078124
0.078123
0.078122
0.078121
0.07812
0.0781191
0.0781182
0.0781173
0.0781164
0.0781155
0.0781147
0.0781139
0.078113
0.0781122
0.0781114
0.0781107
0.0781099
0.0781092
0.0781085
0.0781077
0.078107
0.0781064
0.0781057
0.078105
0.0781044
0.0781038
0.0781031
0.0781025
0.0781019
0.0781013
0.0781008
0.0781002
0.0780997
0.0780991
0.0780986
0.0780981
0.0780976
0.0780971
0.0780966
0.0780961
0.0780956
0.0780952
0.0780947
0.0780943
0.0780938
0.0780934
0.078093
0.0780926
0.0780922
0.0780918
0.0780914
0.078091
0.0780906
0.0780903
0.0780899
0.0780896
0.0780892
0.0780889
0.0780885
0.0780882
0.0780879
0.0780876
0.0780873
0.078087
0.0780867
0.0780864
0.0780861
0.0780858
0.0780856
0.0780853
0.078085
0.0780848
0.0780845
0.0780843
0.078084
0.0780838
0.0780836
0.0780833
0.0780831
0.0780829
0.0780827
0.0780825
0.0780823
0.0780821
0.0780819
0.0780817
0.0780815
0.0780813
0.0780811
0.0780809
0.0780807
0.0780806
0.0780804
0.0780802
0.0780801
0.0780799
0.0780797
0.0780796
0.0780794
0.0780793
0.0780791
0.078079
0.0780789
0.0780787
0.0780786
0.0780784
0.0780783
0.0780782
0.0780781
0.0780779
0.0780778
0.0780777
0.0780776
0.0780775
0.0780774
0.0780773
0.0780771
0.078077
0.0780769
0.0780768
0.0780767
0.0780766
0.0780765
0.0780765
0.0780764
0.0780763
0.0780762
0.0780761
0.078076
0.0780759
0.0780758
0.0780758
0.0780757
0.0780756
0.0780755
0.0780755
0.0780754
0.0780753
0.0780752
0.0780752
0.0780751
0.078075
0.078075
0.0780749
0.0780749
0.0780748
0.0780747
0.0780747
0.0780746
0.0780746
0.0780745
0.0780744
0.0780744
0.0780743
0.0780743
0.0780742
0.0780742
0.0780741
0.0780741
0.078074
0.078074
0.0780739
0.0780739
0.0780739
0.0780738
0.0780738
0.0780737
0.0780737
0.0780737
0.0780736
0.0780736
0.0780735
0.0780735
0.0780735
0.0780734
0.0780734
0.0780734
0.0780733
0.0780733
0.0780733
0.0780732
0.0780732
0.0780732
0.0780731
0.0780731
0.0780731
0.078073
0.078073
0.078073
0.078073
0.0780729
0.0780729
0.0780729
0.0780729
0.0780728
0.0780728
0.0780728
0.0780728
0.0780727
0.0780727
0.0780727
0.0780727
0.0780727
0.0780726
0.0780726
0.0780726
0.0780726
0.0780726
0.0780725
0.0780725
0.0780725
0.0780725
0.0780725
0.0780725
0.0780724
0.0780724
0.0780724
0.0780724
0.0780724
0.0780724
0.0780723
0.0780723
0.0780723
0.0780723
0.0780723
0.0780723
0.0780723
0.0780722
0.0780722
0.0780722
0.0780722
0.0780722
0.0780722
0.0780722
0.0780722
0.0780721
0.0780721
0.0780721
0.0780721
0.0780721
0.0780721
0.0780721
0.0780721
0.0780721
0.078072
0.078072
0.078072
0.078072
0.078072
0.078072
0.078072
0.078072
0.078072
0.078072
0.078072
0.078072
0.0780719
0.0780719
0.0780719
0.0780719
0.0780719
0.0780719
0.0780719
0.0780719
0.0780719
0.0780719
0.0780719
0.0780719
0.0780719
0.0780719
0.0780718
0.0780718
0.0780718
0.0780718
0.0780718
0.0780718
0.0780718
0.0780718
0.0780718
0.0780718
0.0780718
0.0780718
0.0780718
0.0780718
0.0780718
0.0780718
0.0780718
0.0780718
0.0780718
0.0780718
0.0780717
0.0780717
0.0780717
0.0780717
0.0780717
0.0780717
0.0780717
0.0780717
0.0780717
0.0780717
0.0780717
0.0780717
0.0780717
0.0780717
0.0780717
0.0780717
0.0780717
0.0780717
0.0780717
0.0780717
0.0780717
0.0780717
0.0780717
0.0780717
0.0780717
0.0780717
0.0780717
0.0780716
0.0780716
0.0780716
0.0780716
0.0780716
0.0780716
0.0780716
0.0780716
0.0780716
0.0780716
0.0780716
0.0780716
0.0780716
0.0780716
0.0780716
0.0780716
0.0780716
0.0780716
0.0780716
0.0780716
0.0780716
0.0780716
0.0780716
0.0780716
0.0780716
0.0780716
0.0780716
0.0780716
0.0780716
0.0780716
0.0780716
0.0780716
0.0780716
0.0780716
0.0780716
0.0780716
0.0780716
0.0780716
0.0780716
0.0780716
0.0780716
0.0780716
0.0780716
0.0780716
0.0780716
0.0780716
0.0780716
0.0780716
0.0780716
0.0780716
0.0780716
0.0780715
0.0780715
0.0780715
0.0780715
0.0780715
0.0780715
0.0780715
0.0780715
0.0780715
0.0780715
0.0780715
0.0780715
0.0780715
0.0780715
0.0780715
0.0780715
0.0780715
0.0780715
0.0780715
0.0780715
0.0780715
0.0780715
0.0780715
0.0780715
0.0780715
0.0780715
0.0780715
0.0780715
0.0780715
0.0780715
0.0780715
0.0780715
0.0780715
0.0780715
0.0780715
0.0780715
0.0780715
0.0780715
0.0780715
0.0780715
0.0780715
0.0780715
0.0780715
0.0780715
0.0780715
0.0780715
0.0780715
0.0780715
0.0780715
0.0780715
0.0780715
0.0780715
0.0780715
0.0780715
0.0780715
0.0780715
0.0780715
0.0780715
0.0780715
0.0780715
0.0780715
0.0780715
0.0780715
0.0780715
0.0780715
0.0780715
0.0780715
0.0780715
0.0780715
0.0780715
0.0780715
0.0780715
0.0780715
0.0780715
0.0780715
0.0780715
0.0780715
0.0780715
0.0780715
0.0780715
0.0780715
0.0780715
0.0780715
0.0780715
0.0780715
0.0780715
0.0780715
0.0780715
0.0780715
0.0780715
0.0780715
0.0780715
0.0780715
0.0780715
0.0780715
0.0780715
0.0780715
0.0780715
0.0780715
0.0780715
0.0780715
0.0780715
0.0780715
0.0780715
0.0780715
0.0780715
0.0780715
0.0780715
0.0780715
0.0780715
0.0780715
0.0780715
0.0780715
0.0780715
0.0780715
0.0780715
0.0780715
0.0780715
0.0780715
0.0780715
0.0780715
0.0780715
0.0780715
0.0780715
0.0780715
0.0780715
0.0780715
0.0780715
0.0780715
0.0780715
0.0780715
0.0780715
0.0780715
0.0780715
0.0780715
0.0780715
0.0780715
0.0780715
0.0780715
0.0780715
0.0780715
0.0780715
0.0780715
0.0780715
0.0780715
0.0780715
0.0780715
0.0780715
0.0780715
0.0780715
0.0780715
0.0780715
0.0780715
0.0780715
0.0780715
0.0780715
0.0780715
0.0780715
0.0780715
0.0780715
0.0780715
0.0780715
0.0780715
0.0780715
0.0780715
0.0780715
0.0780715
0.0780715
0.0780715
0.0780715
0.0780715
0.0780715
0.0780715
0.0780715
0.0780715
0.0780715
0.0780715
0.0780715
0.0780715
0.0780715
0.0780715
0.0780715
0.0780715
0.0780715
0.0780715
